6,2,2
6,3,-21,-300
-
0000000000
0000000000
0000000000
0000000000
0000000000
0000011000
0000000000
-
0000000000
0000000000
0000000000
0000000000
0000011100
0001000000
0000000000
-
0000000000
0000000000
0000000000
0000000000
0000011110
0001000000
0000000000
-
0000000000
0000000000
0000000000
0000000000
0000010100
0001000000
0000000000
-
0000000000
0000000000
0000000000
0000000000
0000001000
0001000000
0000000000
-
0000000000
0000000000
0000000000
0000001000
0000000000
0000100000
0000000000
-
0000000000
0000000000
0000001000
0000000000
0000000000
0000010000
0000000000
-
0000000000
0000000000
0000000000
0000000000
0000000000
0000100000
0000000000
-
0000000000
0000000000
0000000000
0000000000
0000000000
0003000000
0000000000
-